p cnf 400 1306
1 0
-2 0
-3 0
-4 0
-5 0
-6 0
-7 0
-8 0
-9 0
-10 0
-11 0
-12 0
-13 0
-14 0
-15 0
-16 0
-17 0
-18 0
-19 0
-20 0
-21 0
-22 0
-23 0
-24 0
-25 0
-26 0
-27 0
-28 0
-29 0
-30 0
-31 0
-32 0
-33 0
-34 0
-35 0
-36 0
-37 0
-38 0
-39 0
-40 0
-41 0
-42 0
-43 0
-44 0
-45 0
-46 0
-47 0
-48 0
-49 0
50 0
-351 0
-352 0
-353 0
-354 0
-355 0
-356 0
-357 0
-358 0
-359 0
-360 0
-361 0
-362 0
-363 0
-364 0
-365 0
-366 0
-367 0
-368 0
-369 0
-370 0
-371 0
-372 0
-373 0
-374 0
375 0
376 0
-377 0
-378 0
-379 0
-380 0
-381 0
-382 0
-383 0
-384 0
-385 0
-386 0
-387 0
-388 0
-389 0
-390 0
-391 0
-392 0
-393 0
-394 0
-395 0
-396 0
-397 0
-398 0
-399 0
-400 0
-57 7 12 8 2 6 0
-58 8 13 9 3 7 0
-59 9 14 10 4 8 0
-62 12 17 13 7 11 0
-63 13 18 14 8 12 0
-64 14 19 15 9 13 0
-67 17 22 18 12 16 0
-68 18 23 19 13 17 0
-69 19 24 20 14 18 0
-107 57 62 58 52 56 0
-108 58 63 59 53 57 0
-109 59 64 60 54 58 0
-112 62 67 63 57 61 0
-113 63 68 64 58 62 0
-114 64 69 65 59 63 0
-117 67 72 68 62 66 0
-118 68 73 69 63 67 0
-119 69 74 70 64 68 0
-157 107 112 108 102 106 0
-158 108 113 109 103 107 0
-159 109 114 110 104 108 0
-162 112 117 113 107 111 0
-163 113 118 114 108 112 0
-164 114 119 115 109 113 0
-167 117 122 118 112 116 0
-168 118 123 119 113 117 0
-169 119 124 120 114 118 0
-207 157 162 158 152 156 0
-208 158 163 159 153 157 0
-209 159 164 160 154 158 0
-212 162 167 163 157 161 0
-213 163 168 164 158 162 0
-214 164 169 165 159 163 0
-217 167 172 168 162 166 0
-218 168 173 169 163 167 0
-219 169 174 170 164 168 0
-257 207 212 208 202 206 0
-258 208 213 209 203 207 0
-259 209 214 210 204 208 0
-262 212 217 213 207 211 0
-263 213 218 214 208 212 0
-264 214 219 215 209 213 0
-267 217 222 218 212 216 0
-268 218 223 219 213 217 0
-269 219 224 220 214 218 0
-307 257 262 258 252 256 0
-308 258 263 259 253 257 0
-309 259 264 260 254 258 0
-312 262 267 263 257 261 0
-313 263 268 264 258 262 0
-314 264 269 265 259 263 0
-317 267 272 268 262 266 0
-318 268 273 269 263 267 0
-319 269 274 270 264 268 0
-357 307 312 308 302 306 0
-358 308 313 309 303 307 0
-359 309 314 310 304 308 0
-362 312 317 313 307 311 0
-363 313 318 314 308 312 0
-364 314 319 315 309 313 0
-367 317 322 318 312 316 0
-368 318 323 319 313 317 0
-369 319 324 320 314 318 0
-82 32 37 33 27 31 0
-83 33 38 34 28 32 0
-84 34 39 35 29 33 0
-87 37 42 38 32 36 0
-88 38 43 39 33 37 0
-89 39 44 40 34 38 0
-92 42 47 43 37 41 0
-93 43 48 44 38 42 0
-94 44 49 45 39 43 0
-132 82 87 83 77 81 0
-133 83 88 84 78 82 0
-134 84 89 85 79 83 0
-137 87 92 88 82 86 0
-138 88 93 89 83 87 0
-139 89 94 90 84 88 0
-142 92 97 93 87 91 0
-143 93 98 94 88 92 0
-144 94 99 95 89 93 0
-182 132 137 133 127 131 0
-183 133 138 134 128 132 0
-184 134 139 135 129 133 0
-187 137 142 138 132 136 0
-188 138 143 139 133 137 0
-189 139 144 140 134 138 0
-192 142 147 143 137 141 0
-193 143 148 144 138 142 0
-194 144 149 145 139 143 0
-232 182 187 183 177 181 0
-233 183 188 184 178 182 0
-234 184 189 185 179 183 0
-237 187 192 188 182 186 0
-238 188 193 189 183 187 0
-239 189 194 190 184 188 0
-242 192 197 193 187 191 0
-243 193 198 194 188 192 0
-244 194 199 195 189 193 0
-282 232 237 233 227 231 0
-283 233 238 234 228 232 0
-284 234 239 235 229 233 0
-287 237 242 238 232 236 0
-288 238 243 239 233 237 0
-289 239 244 240 234 238 0
-292 242 247 243 237 241 0
-293 243 248 244 238 242 0
-294 244 249 245 239 243 0
-332 282 287 283 277 281 0
-333 283 288 284 278 282 0
-334 284 289 285 279 283 0
-337 287 292 288 282 286 0
-338 288 293 289 283 287 0
-339 289 294 290 284 288 0
-342 292 297 293 287 291 0
-343 293 298 294 288 292 0
-344 294 299 295 289 293 0
-382 332 337 333 327 331 0
-383 333 338 334 328 332 0
-384 334 339 335 329 333 0
-387 337 342 338 332 336 0
-388 338 343 339 333 337 0
-389 339 344 340 334 338 0
-392 342 347 343 337 341 0
-393 343 348 344 338 342 0
-394 344 349 345 339 343 0
-52 2 3 1 7 0
-53 3 4 2 8 0
-54 4 5 3 9 0
-72 22 23 21 17 0
-73 23 24 22 18 0
-74 24 25 23 19 0
-102 52 53 51 57 0
-103 53 54 52 58 0
-104 54 55 53 59 0
-122 72 73 71 67 0
-123 73 74 72 68 0
-124 74 75 73 69 0
-152 102 103 101 107 0
-153 103 104 102 108 0
-154 104 105 103 109 0
-172 122 123 121 117 0
-173 123 124 122 118 0
-174 124 125 123 119 0
-202 152 153 151 157 0
-203 153 154 152 158 0
-204 154 155 153 159 0
-222 172 173 171 167 0
-223 173 174 172 168 0
-224 174 175 173 169 0
-252 202 203 201 207 0
-253 203 204 202 208 0
-254 204 205 203 209 0
-272 222 223 221 217 0
-273 223 224 222 218 0
-274 224 225 223 219 0
-302 252 253 251 257 0
-303 253 254 252 258 0
-304 254 255 253 259 0
-322 272 273 271 267 0
-323 273 274 272 268 0
-324 274 275 273 269 0
-352 302 303 301 307 0
-353 303 304 302 308 0
-354 304 305 303 309 0
-372 322 323 321 317 0
-373 323 324 322 318 0
-374 324 325 323 319 0
-77 27 28 26 32 0
-78 28 29 27 33 0
-79 29 30 28 34 0
-97 47 48 46 42 0
-98 48 49 47 43 0
-99 49 50 48 44 0
-127 77 78 76 82 0
-128 78 79 77 83 0
-129 79 80 78 84 0
-147 97 98 96 92 0
-148 98 99 97 93 0
-149 99 100 98 94 0
-177 127 128 126 132 0
-178 128 129 127 133 0
-179 129 130 128 134 0
-197 147 148 146 142 0
-198 148 149 147 143 0
-199 149 150 148 144 0
-227 177 178 176 182 0
-228 178 179 177 183 0
-229 179 180 178 184 0
-247 197 198 196 192 0
-248 198 199 197 193 0
-249 199 200 198 194 0
-277 227 228 226 232 0
-278 228 229 227 233 0
-279 229 230 228 234 0
-297 247 248 246 242 0
-298 248 249 247 243 0
-299 249 250 248 244 0
-327 277 278 276 282 0
-328 278 279 277 283 0
-329 279 280 278 284 0
-347 297 298 296 292 0
-348 298 299 297 293 0
-349 299 300 298 294 0
-377 327 328 326 332 0
-378 328 329 327 333 0
-379 329 330 328 334 0
-397 347 348 346 342 0
-398 348 349 347 343 0
-399 349 350 348 344 0
-56 6 11 1 7 0
-60 10 15 5 9 0
-61 11 16 6 12 0
-65 15 20 10 14 0
-66 16 21 11 17 0
-70 20 25 15 19 0
-106 56 61 51 57 0
-110 60 65 55 59 0
-111 61 66 56 62 0
-115 65 70 60 64 0
-116 66 71 61 67 0
-120 70 75 65 69 0
-156 106 111 101 107 0
-160 110 115 105 109 0
-161 111 116 106 112 0
-165 115 120 110 114 0
-166 116 121 111 117 0
-170 120 125 115 119 0
-206 156 161 151 157 0
-210 160 165 155 159 0
-211 161 166 156 162 0
-215 165 170 160 164 0
-216 166 171 161 167 0
-220 170 175 165 169 0
-256 206 211 201 207 0
-260 210 215 205 209 0
-261 211 216 206 212 0
-265 215 220 210 214 0
-266 216 221 211 217 0
-270 220 225 215 219 0
-306 256 261 251 257 0
-310 260 265 255 259 0
-311 261 266 256 262 0
-315 265 270 260 264 0
-316 266 271 261 267 0
-320 270 275 265 269 0
-356 306 311 301 307 0
-360 310 315 305 309 0
-361 311 316 306 312 0
-365 315 320 310 314 0
-366 316 321 311 317 0
-370 320 325 315 319 0
-81 31 36 26 32 0
-85 35 40 30 34 0
-86 36 41 31 37 0
-90 40 45 35 39 0
-91 41 46 36 42 0
-95 45 50 40 44 0
-131 81 86 76 82 0
-135 85 90 80 84 0
-136 86 91 81 87 0
-140 90 95 85 89 0
-141 91 96 86 92 0
-145 95 100 90 94 0
-181 131 136 126 132 0
-185 135 140 130 134 0
-186 136 141 131 137 0
-190 140 145 135 139 0
-191 141 146 136 142 0
-195 145 150 140 144 0
-231 181 186 176 182 0
-235 185 190 180 184 0
-236 186 191 181 187 0
-240 190 195 185 189 0
-241 191 196 186 192 0
-245 195 200 190 194 0
-281 231 236 226 232 0
-285 235 240 230 234 0
-286 236 241 231 237 0
-290 240 245 235 239 0
-291 241 246 236 242 0
-295 245 250 240 244 0
-331 281 286 276 282 0
-335 285 290 280 284 0
-336 286 291 281 287 0
-340 290 295 285 289 0
-341 291 296 286 292 0
-345 295 300 290 294 0
-381 331 336 326 332 0
-385 335 340 330 334 0
-386 336 341 331 337 0
-390 340 345 335 339 0
-391 341 346 336 342 0
-395 345 350 340 344 0
-51 1 6 2 0
-75 25 20 24 0
-71 21 16 22 0
-55 5 4 10 0
-101 51 56 52 0
-125 75 70 74 0
-121 71 66 72 0
-105 55 54 60 0
-151 101 106 102 0
-175 125 120 124 0
-171 121 116 122 0
-155 105 104 110 0
-201 151 156 152 0
-225 175 170 174 0
-221 171 166 172 0
-205 155 154 160 0
-251 201 206 202 0
-275 225 220 224 0
-271 221 216 222 0
-255 205 204 210 0
-301 251 256 252 0
-325 275 270 274 0
-321 271 266 272 0
-305 255 254 260 0
-351 301 306 302 0
-375 325 320 324 0
-371 321 316 322 0
-355 305 304 310 0
-76 26 31 27 0
-100 50 45 49 0
-96 46 41 47 0
-80 30 29 35 0
-126 76 81 77 0
-150 100 95 99 0
-146 96 91 97 0
-130 80 79 85 0
-176 126 131 127 0
-200 150 145 149 0
-196 146 141 147 0
-180 130 129 135 0
-226 176 181 177 0
-250 200 195 199 0
-246 196 191 197 0
-230 180 179 185 0
-276 226 231 227 0
-300 250 245 249 0
-296 246 241 247 0
-280 230 229 235 0
-326 276 281 277 0
-350 300 295 299 0
-346 296 291 297 0
-330 280 279 285 0
-376 326 331 327 0
-400 350 345 349 0
-396 346 341 347 0
-380 330 329 335 0
-11 0
-61 0
-111 0
-161 0
-211 0
-261 0
-311 0
-361 0
-36 0
-86 0
-136 0
-186 0
-236 0
-286 0
-336 0
-386 0
-16 0
-66 0
-116 0
-166 0
-216 0
-266 0
-316 0
-366 0
-41 0
-91 0
-141 0
-191 0
-241 0
-291 0
-341 0
-391 0
-8 0
-58 0
-108 0
-158 0
-208 0
-258 0
-308 0
-358 0
-33 0
-83 0
-133 0
-183 0
-233 0
-283 0
-333 0
-383 0
-18 0
-68 0
-118 0
-168 0
-218 0
-268 0
-318 0
-368 0
-43 0
-93 0
-143 0
-193 0
-243 0
-293 0
-343 0
-393 0
-10 0
-60 0
-110 0
-160 0
-210 0
-260 0
-310 0
-360 0
-35 0
-85 0
-135 0
-185 0
-235 0
-285 0
-335 0
-385 0
-15 0
-65 0
-115 0
-165 0
-215 0
-265 0
-315 0
-365 0
-40 0
-90 0
-140 0
-190 0
-240 0
-290 0
-340 0
-390 0
-1 -26 0
-51 -76 0
-101 -126 0
-151 -176 0
-201 -226 0
-251 -276 0
-301 -326 0
-351 -376 0
-2 -27 0
-52 -77 0
-102 -127 0
-152 -177 0
-202 -227 0
-252 -277 0
-302 -327 0
-352 -377 0
-3 -28 0
-53 -78 0
-103 -128 0
-153 -178 0
-203 -228 0
-253 -278 0
-303 -328 0
-353 -378 0
-4 -29 0
-54 -79 0
-104 -129 0
-154 -179 0
-204 -229 0
-254 -279 0
-304 -329 0
-354 -379 0
-5 -30 0
-55 -80 0
-105 -130 0
-155 -180 0
-205 -230 0
-255 -280 0
-305 -330 0
-355 -380 0
-6 -31 0
-56 -81 0
-106 -131 0
-156 -181 0
-206 -231 0
-256 -281 0
-306 -331 0
-356 -381 0
-7 -32 0
-57 -82 0
-107 -132 0
-157 -182 0
-207 -232 0
-257 -282 0
-307 -332 0
-357 -382 0
-8 -33 0
-58 -83 0
-108 -133 0
-158 -183 0
-208 -233 0
-258 -283 0
-308 -333 0
-358 -383 0
-9 -34 0
-59 -84 0
-109 -134 0
-159 -184 0
-209 -234 0
-259 -284 0
-309 -334 0
-359 -384 0
-10 -35 0
-60 -85 0
-110 -135 0
-160 -185 0
-210 -235 0
-260 -285 0
-310 -335 0
-360 -385 0
-11 -36 0
-61 -86 0
-111 -136 0
-161 -186 0
-211 -236 0
-261 -286 0
-311 -336 0
-361 -386 0
-12 -37 0
-62 -87 0
-112 -137 0
-162 -187 0
-212 -237 0
-262 -287 0
-312 -337 0
-362 -387 0
-13 -38 0
-63 -88 0
-113 -138 0
-163 -188 0
-213 -238 0
-263 -288 0
-313 -338 0
-363 -388 0
-14 -39 0
-64 -89 0
-114 -139 0
-164 -189 0
-214 -239 0
-264 -289 0
-314 -339 0
-364 -389 0
-15 -40 0
-65 -90 0
-115 -140 0
-165 -190 0
-215 -240 0
-265 -290 0
-315 -340 0
-365 -390 0
-16 -41 0
-66 -91 0
-116 -141 0
-166 -191 0
-216 -241 0
-266 -291 0
-316 -341 0
-366 -391 0
-17 -42 0
-67 -92 0
-117 -142 0
-167 -192 0
-217 -242 0
-267 -292 0
-317 -342 0
-367 -392 0
-18 -43 0
-68 -93 0
-118 -143 0
-168 -193 0
-218 -243 0
-268 -293 0
-318 -343 0
-368 -393 0
-19 -44 0
-69 -94 0
-119 -144 0
-169 -194 0
-219 -244 0
-269 -294 0
-319 -344 0
-369 -394 0
-20 -45 0
-70 -95 0
-120 -145 0
-170 -195 0
-220 -245 0
-270 -295 0
-320 -345 0
-370 -395 0
-21 -46 0
-71 -96 0
-121 -146 0
-171 -196 0
-221 -246 0
-271 -296 0
-321 -346 0
-371 -396 0
-22 -47 0
-72 -97 0
-122 -147 0
-172 -197 0
-222 -247 0
-272 -297 0
-322 -347 0
-372 -397 0
-23 -48 0
-73 -98 0
-123 -148 0
-173 -198 0
-223 -248 0
-273 -298 0
-323 -348 0
-373 -398 0
-24 -49 0
-74 -99 0
-124 -149 0
-174 -199 0
-224 -249 0
-274 -299 0
-324 -349 0
-374 -399 0
-25 -50 0
-75 -100 0
-125 -150 0
-175 -200 0
-225 -250 0
-275 -300 0
-325 -350 0
-375 -400 0
-6 -26 -51 -81 0
-31 -1 -76 -56 0
-56 -76 -101 -131 0
-81 -51 -126 -106 0
-106 -126 -151 -181 0
-131 -101 -176 -156 0
-156 -176 -201 -231 0
-181 -151 -226 -206 0
-206 -226 -251 -281 0
-231 -201 -276 -256 0
-256 -276 -301 -331 0
-281 -251 -326 -306 0
-306 -326 -351 -381 0
-331 -301 -376 -356 0
-7 -27 -52 -82 0
-32 -2 -77 -57 0
-57 -77 -102 -132 0
-82 -52 -127 -107 0
-107 -127 -152 -182 0
-132 -102 -177 -157 0
-157 -177 -202 -232 0
-182 -152 -227 -207 0
-207 -227 -252 -282 0
-232 -202 -277 -257 0
-257 -277 -302 -332 0
-282 -252 -327 -307 0
-307 -327 -352 -382 0
-332 -302 -377 -357 0
-8 -28 -53 -83 0
-33 -3 -78 -58 0
-58 -78 -103 -133 0
-83 -53 -128 -108 0
-108 -128 -153 -183 0
-133 -103 -178 -158 0
-158 -178 -203 -233 0
-183 -153 -228 -208 0
-208 -228 -253 -283 0
-233 -203 -278 -258 0
-258 -278 -303 -333 0
-283 -253 -328 -308 0
-308 -328 -353 -383 0
-333 -303 -378 -358 0
-9 -29 -54 -84 0
-34 -4 -79 -59 0
-59 -79 -104 -134 0
-84 -54 -129 -109 0
-109 -129 -154 -184 0
-134 -104 -179 -159 0
-159 -179 -204 -234 0
-184 -154 -229 -209 0
-209 -229 -254 -284 0
-234 -204 -279 -259 0
-259 -279 -304 -334 0
-284 -254 -329 -309 0
-309 -329 -354 -384 0
-334 -304 -379 -359 0
-10 -30 -55 -85 0
-35 -5 -80 -60 0
-60 -80 -105 -135 0
-85 -55 -130 -110 0
-110 -130 -155 -185 0
-135 -105 -180 -160 0
-160 -180 -205 -235 0
-185 -155 -230 -210 0
-210 -230 -255 -285 0
-235 -205 -280 -260 0
-260 -280 -305 -335 0
-285 -255 -330 -310 0
-310 -330 -355 -385 0
-335 -305 -380 -360 0
-11 -31 -56 -86 0
-36 -6 -81 -61 0
-61 -81 -106 -136 0
-86 -56 -131 -111 0
-111 -131 -156 -186 0
-136 -106 -181 -161 0
-161 -181 -206 -236 0
-186 -156 -231 -211 0
-211 -231 -256 -286 0
-236 -206 -281 -261 0
-261 -281 -306 -336 0
-286 -256 -331 -311 0
-311 -331 -356 -386 0
-336 -306 -381 -361 0
-12 -32 -57 -87 0
-37 -7 -82 -62 0
-62 -82 -107 -137 0
-87 -57 -132 -112 0
-112 -132 -157 -187 0
-137 -107 -182 -162 0
-162 -182 -207 -237 0
-187 -157 -232 -212 0
-212 -232 -257 -287 0
-237 -207 -282 -262 0
-262 -282 -307 -337 0
-287 -257 -332 -312 0
-312 -332 -357 -387 0
-337 -307 -382 -362 0
-13 -33 -58 -88 0
-38 -8 -83 -63 0
-63 -83 -108 -138 0
-88 -58 -133 -113 0
-113 -133 -158 -188 0
-138 -108 -183 -163 0
-163 -183 -208 -238 0
-188 -158 -233 -213 0
-213 -233 -258 -288 0
-238 -208 -283 -263 0
-263 -283 -308 -338 0
-288 -258 -333 -313 0
-313 -333 -358 -388 0
-338 -308 -383 -363 0
-14 -34 -59 -89 0
-39 -9 -84 -64 0
-64 -84 -109 -139 0
-89 -59 -134 -114 0
-114 -134 -159 -189 0
-139 -109 -184 -164 0
-164 -184 -209 -239 0
-189 -159 -234 -214 0
-214 -234 -259 -289 0
-239 -209 -284 -264 0
-264 -284 -309 -339 0
-289 -259 -334 -314 0
-314 -334 -359 -389 0
-339 -309 -384 -364 0
-15 -35 -60 -90 0
-40 -10 -85 -65 0
-65 -85 -110 -140 0
-90 -60 -135 -115 0
-115 -135 -160 -190 0
-140 -110 -185 -165 0
-165 -185 -210 -240 0
-190 -160 -235 -215 0
-215 -235 -260 -290 0
-240 -210 -285 -265 0
-265 -285 -310 -340 0
-290 -260 -335 -315 0
-315 -335 -360 -390 0
-340 -310 -385 -365 0
-16 -36 -61 -91 0
-41 -11 -86 -66 0
-66 -86 -111 -141 0
-91 -61 -136 -116 0
-116 -136 -161 -191 0
-141 -111 -186 -166 0
-166 -186 -211 -241 0
-191 -161 -236 -216 0
-216 -236 -261 -291 0
-241 -211 -286 -266 0
-266 -286 -311 -341 0
-291 -261 -336 -316 0
-316 -336 -361 -391 0
-341 -311 -386 -366 0
-17 -37 -62 -92 0
-42 -12 -87 -67 0
-67 -87 -112 -142 0
-92 -62 -137 -117 0
-117 -137 -162 -192 0
-142 -112 -187 -167 0
-167 -187 -212 -242 0
-192 -162 -237 -217 0
-217 -237 -262 -292 0
-242 -212 -287 -267 0
-267 -287 -312 -342 0
-292 -262 -337 -317 0
-317 -337 -362 -392 0
-342 -312 -387 -367 0
-18 -38 -63 -93 0
-43 -13 -88 -68 0
-68 -88 -113 -143 0
-93 -63 -138 -118 0
-118 -138 -163 -193 0
-143 -113 -188 -168 0
-168 -188 -213 -243 0
-193 -163 -238 -218 0
-218 -238 -263 -293 0
-243 -213 -288 -268 0
-268 -288 -313 -343 0
-293 -263 -338 -318 0
-318 -338 -363 -393 0
-343 -313 -388 -368 0
-19 -39 -64 -94 0
-44 -14 -89 -69 0
-69 -89 -114 -144 0
-94 -64 -139 -119 0
-119 -139 -164 -194 0
-144 -114 -189 -169 0
-169 -189 -214 -244 0
-194 -164 -239 -219 0
-219 -239 -264 -294 0
-244 -214 -289 -269 0
-269 -289 -314 -344 0
-294 -264 -339 -319 0
-319 -339 -364 -394 0
-344 -314 -389 -369 0
-20 -40 -65 -95 0
-45 -15 -90 -70 0
-70 -90 -115 -145 0
-95 -65 -140 -120 0
-120 -140 -165 -195 0
-145 -115 -190 -170 0
-170 -190 -215 -245 0
-195 -165 -240 -220 0
-220 -240 -265 -295 0
-245 -215 -290 -270 0
-270 -290 -315 -345 0
-295 -265 -340 -320 0
-320 -340 -365 -395 0
-345 -315 -390 -370 0
-21 -41 -66 -96 0
-46 -16 -91 -71 0
-71 -91 -116 -146 0
-96 -66 -141 -121 0
-121 -141 -166 -196 0
-146 -116 -191 -171 0
-171 -191 -216 -246 0
-196 -166 -241 -221 0
-221 -241 -266 -296 0
-246 -216 -291 -271 0
-271 -291 -316 -346 0
-296 -266 -341 -321 0
-321 -341 -366 -396 0
-346 -316 -391 -371 0
-22 -42 -67 -97 0
-47 -17 -92 -72 0
-72 -92 -117 -147 0
-97 -67 -142 -122 0
-122 -142 -167 -197 0
-147 -117 -192 -172 0
-172 -192 -217 -247 0
-197 -167 -242 -222 0
-222 -242 -267 -297 0
-247 -217 -292 -272 0
-272 -292 -317 -347 0
-297 -267 -342 -322 0
-322 -342 -367 -397 0
-347 -317 -392 -372 0
-23 -43 -68 -98 0
-48 -18 -93 -73 0
-73 -93 -118 -148 0
-98 -68 -143 -123 0
-123 -143 -168 -198 0
-148 -118 -193 -173 0
-173 -193 -218 -248 0
-198 -168 -243 -223 0
-223 -243 -268 -298 0
-248 -218 -293 -273 0
-273 -293 -318 -348 0
-298 -268 -343 -323 0
-323 -343 -368 -398 0
-348 -318 -393 -373 0
-24 -44 -69 -99 0
-49 -19 -94 -74 0
-74 -94 -119 -149 0
-99 -69 -144 -124 0
-124 -144 -169 -199 0
-149 -119 -194 -174 0
-174 -194 -219 -249 0
-199 -169 -244 -224 0
-224 -244 -269 -299 0
-249 -219 -294 -274 0
-274 -294 -319 -349 0
-299 -269 -344 -324 0
-324 -344 -369 -399 0
-349 -319 -394 -374 0
-25 -45 -70 -100 0
-50 -20 -95 -75 0
-75 -95 -120 -150 0
-100 -70 -145 -125 0
-125 -145 -170 -200 0
-150 -120 -195 -175 0
-175 -195 -220 -250 0
-200 -170 -245 -225 0
-225 -245 -270 -300 0
-250 -220 -295 -275 0
-275 -295 -320 -350 0
-300 -270 -345 -325 0
-325 -345 -370 -400 0
-350 -320 -395 -375 0
-2 -26 -51 -77 0
-27 -1 -76 -52 0
-52 -76 -101 -127 0
-77 -51 -126 -102 0
-102 -126 -151 -177 0
-127 -101 -176 -152 0
-152 -176 -201 -227 0
-177 -151 -226 -202 0
-202 -226 -251 -277 0
-227 -201 -276 -252 0
-252 -276 -301 -327 0
-277 -251 -326 -302 0
-302 -326 -351 -377 0
-327 -301 -376 -352 0
-3 -27 -52 -78 0
-28 -2 -77 -53 0
-53 -77 -102 -128 0
-78 -52 -127 -103 0
-103 -127 -152 -178 0
-128 -102 -177 -153 0
-153 -177 -202 -228 0
-178 -152 -227 -203 0
-203 -227 -252 -278 0
-228 -202 -277 -253 0
-253 -277 -302 -328 0
-278 -252 -327 -303 0
-303 -327 -352 -378 0
-328 -302 -377 -353 0
-4 -28 -53 -79 0
-29 -3 -78 -54 0
-54 -78 -103 -129 0
-79 -53 -128 -104 0
-104 -128 -153 -179 0
-129 -103 -178 -154 0
-154 -178 -203 -229 0
-179 -153 -228 -204 0
-204 -228 -253 -279 0
-229 -203 -278 -254 0
-254 -278 -303 -329 0
-279 -253 -328 -304 0
-304 -328 -353 -379 0
-329 -303 -378 -354 0
-5 -29 -54 -80 0
-30 -4 -79 -55 0
-55 -79 -104 -130 0
-80 -54 -129 -105 0
-105 -129 -154 -180 0
-130 -104 -179 -155 0
-155 -179 -204 -230 0
-180 -154 -229 -205 0
-205 -229 -254 -280 0
-230 -204 -279 -255 0
-255 -279 -304 -330 0
-280 -254 -329 -305 0
-305 -329 -354 -380 0
-330 -304 -379 -355 0
-7 -31 -56 -82 0
-32 -6 -81 -57 0
-57 -81 -106 -132 0
-82 -56 -131 -107 0
-107 -131 -156 -182 0
-132 -106 -181 -157 0
-157 -181 -206 -232 0
-182 -156 -231 -207 0
-207 -231 -256 -282 0
-232 -206 -281 -257 0
-257 -281 -306 -332 0
-282 -256 -331 -307 0
-307 -331 -356 -382 0
-332 -306 -381 -357 0
-8 -32 -57 -83 0
-33 -7 -82 -58 0
-58 -82 -107 -133 0
-83 -57 -132 -108 0
-108 -132 -157 -183 0
-133 -107 -182 -158 0
-158 -182 -207 -233 0
-183 -157 -232 -208 0
-208 -232 -257 -283 0
-233 -207 -282 -258 0
-258 -282 -307 -333 0
-283 -257 -332 -308 0
-308 -332 -357 -383 0
-333 -307 -382 -358 0
-9 -33 -58 -84 0
-34 -8 -83 -59 0
-59 -83 -108 -134 0
-84 -58 -133 -109 0
-109 -133 -158 -184 0
-134 -108 -183 -159 0
-159 -183 -208 -234 0
-184 -158 -233 -209 0
-209 -233 -258 -284 0
-234 -208 -283 -259 0
-259 -283 -308 -334 0
-284 -258 -333 -309 0
-309 -333 -358 -384 0
-334 -308 -383 -359 0
-10 -34 -59 -85 0
-35 -9 -84 -60 0
-60 -84 -109 -135 0
-85 -59 -134 -110 0
-110 -134 -159 -185 0
-135 -109 -184 -160 0
-160 -184 -209 -235 0
-185 -159 -234 -210 0
-210 -234 -259 -285 0
-235 -209 -284 -260 0
-260 -284 -309 -335 0
-285 -259 -334 -310 0
-310 -334 -359 -385 0
-335 -309 -384 -360 0
-12 -36 -61 -87 0
-37 -11 -86 -62 0
-62 -86 -111 -137 0
-87 -61 -136 -112 0
-112 -136 -161 -187 0
-137 -111 -186 -162 0
-162 -186 -211 -237 0
-187 -161 -236 -212 0
-212 -236 -261 -287 0
-237 -211 -286 -262 0
-262 -286 -311 -337 0
-287 -261 -336 -312 0
-312 -336 -361 -387 0
-337 -311 -386 -362 0
-13 -37 -62 -88 0
-38 -12 -87 -63 0
-63 -87 -112 -138 0
-88 -62 -137 -113 0
-113 -137 -162 -188 0
-138 -112 -187 -163 0
-163 -187 -212 -238 0
-188 -162 -237 -213 0
-213 -237 -262 -288 0
-238 -212 -287 -263 0
-263 -287 -312 -338 0
-288 -262 -337 -313 0
-313 -337 -362 -388 0
-338 -312 -387 -363 0
-14 -38 -63 -89 0
-39 -13 -88 -64 0
-64 -88 -113 -139 0
-89 -63 -138 -114 0
-114 -138 -163 -189 0
-139 -113 -188 -164 0
-164 -188 -213 -239 0
-189 -163 -238 -214 0
-214 -238 -263 -289 0
-239 -213 -288 -264 0
-264 -288 -313 -339 0
-289 -263 -338 -314 0
-314 -338 -363 -389 0
-339 -313 -388 -364 0
-15 -39 -64 -90 0
-40 -14 -89 -65 0
-65 -89 -114 -140 0
-90 -64 -139 -115 0
-115 -139 -164 -190 0
-140 -114 -189 -165 0
-165 -189 -214 -240 0
-190 -164 -239 -215 0
-215 -239 -264 -290 0
-240 -214 -289 -265 0
-265 -289 -314 -340 0
-290 -264 -339 -315 0
-315 -339 -364 -390 0
-340 -314 -389 -365 0
-17 -41 -66 -92 0
-42 -16 -91 -67 0
-67 -91 -116 -142 0
-92 -66 -141 -117 0
-117 -141 -166 -192 0
-142 -116 -191 -167 0
-167 -191 -216 -242 0
-192 -166 -241 -217 0
-217 -241 -266 -292 0
-242 -216 -291 -267 0
-267 -291 -316 -342 0
-292 -266 -341 -317 0
-317 -341 -366 -392 0
-342 -316 -391 -367 0
-18 -42 -67 -93 0
-43 -17 -92 -68 0
-68 -92 -117 -143 0
-93 -67 -142 -118 0
-118 -142 -167 -193 0
-143 -117 -192 -168 0
-168 -192 -217 -243 0
-193 -167 -242 -218 0
-218 -242 -267 -293 0
-243 -217 -292 -268 0
-268 -292 -317 -343 0
-293 -267 -342 -318 0
-318 -342 -367 -393 0
-343 -317 -392 -368 0
-19 -43 -68 -94 0
-44 -18 -93 -69 0
-69 -93 -118 -144 0
-94 -68 -143 -119 0
-119 -143 -168 -194 0
-144 -118 -193 -169 0
-169 -193 -218 -244 0
-194 -168 -243 -219 0
-219 -243 -268 -294 0
-244 -218 -293 -269 0
-269 -293 -318 -344 0
-294 -268 -343 -319 0
-319 -343 -368 -394 0
-344 -318 -393 -369 0
-20 -44 -69 -95 0
-45 -19 -94 -70 0
-70 -94 -119 -145 0
-95 -69 -144 -120 0
-120 -144 -169 -195 0
-145 -119 -194 -170 0
-170 -194 -219 -245 0
-195 -169 -244 -220 0
-220 -244 -269 -295 0
-245 -219 -294 -270 0
-270 -294 -319 -345 0
-295 -269 -344 -320 0
-320 -344 -369 -395 0
-345 -319 -394 -370 0
-22 -46 -71 -97 0
-47 -21 -96 -72 0
-72 -96 -121 -147 0
-97 -71 -146 -122 0
-122 -146 -171 -197 0
-147 -121 -196 -172 0
-172 -196 -221 -247 0
-197 -171 -246 -222 0
-222 -246 -271 -297 0
-247 -221 -296 -272 0
-272 -296 -321 -347 0
-297 -271 -346 -322 0
-322 -346 -371 -397 0
-347 -321 -396 -372 0
-23 -47 -72 -98 0
-48 -22 -97 -73 0
-73 -97 -122 -148 0
-98 -72 -147 -123 0
-123 -147 -172 -198 0
-148 -122 -197 -173 0
-173 -197 -222 -248 0
-198 -172 -247 -223 0
-223 -247 -272 -298 0
-248 -222 -297 -273 0
-273 -297 -322 -348 0
-298 -272 -347 -323 0
-323 -347 -372 -398 0
-348 -322 -397 -373 0
-24 -48 -73 -99 0
-49 -23 -98 -74 0
-74 -98 -123 -149 0
-99 -73 -148 -124 0
-124 -148 -173 -199 0
-149 -123 -198 -174 0
-174 -198 -223 -249 0
-199 -173 -248 -224 0
-224 -248 -273 -299 0
-249 -223 -298 -274 0
-274 -298 -323 -349 0
-299 -273 -348 -324 0
-324 -348 -373 -399 0
-349 -323 -398 -374 0
-25 -49 -74 -100 0
-50 -24 -99 -75 0
-75 -99 -124 -150 0
-100 -74 -149 -125 0
-125 -149 -174 -200 0
-150 -124 -199 -175 0
-175 -199 -224 -250 0
-200 -174 -249 -225 0
-225 -249 -274 -300 0
-250 -224 -299 -275 0
-275 -299 -324 -350 0
-300 -274 -349 -325 0
-325 -349 -374 -400 0
-350 -324 -399 -375 0
